-11435.6340209882
-9715.76814466095
-7197.11866226231
-6594.59872968611
-6314.03554595698
-6309.28804275847
-6267.68956524034
-6233.66629746271
-6200.11636176288
-6160.46758040724
-6141.8525533103
-6094.36937503722
-6088.35089747028
-6032.56337327091
-6015.88855589433
-5995.70375847656
-5978.02571879778
-5938.95619115092
-5924.91265053228
-5904.08684397681
-5898.09228851005
-5850.25472858023
-5840.28311091781
-5816.63717252827
-5803.33879538166
-5784.04731883843
-5769.711215555
-5752.08995878381
-5737.61567810955
-5720.64114971897
-5706.55017313474
-5689.6495362949
-5676.34394326488
-5659.09110407226
-5646.94766175644
-5628.95351366749
-5618.36266940717
-5599.22843122619
-5590.60568082608
-5569.9066069918
-5563.6837316071
-5540.97467731217
-5537.57487905958
-5512.41408379138
-5512.21828287059